.Random.seed <-
c(403L, 262L, -420512758L, 1956561133L, 622794724L, -1299522312L, 
-766347884L, 1474160228L, -884741084L, -1491129876L, 1519033201L, 
1280675902L, -35088289L, -1528221744L, 1982149628L, 2003134720L, 
-937094649L, -569690851L, 659853832L, -1363778958L, 1543029876L, 
1057245986L, 113607864L, -1073871042L, 992485014L, 1387570909L, 
-257402236L, -1716354033L, -1508007969L, 1375563426L, -84946926L, 
714526398L, 814377626L, 1355043718L, 459937364L, -1747562889L, 
1022700035L, -302513746L, -364904600L, -1364811643L, -1757686844L, 
-823003341L, -1962092208L, -2133151138L, -221125382L, 2110263614L, 
-310300201L, -114880514L, -675473127L, 732677389L, -1209736067L, 
379031767L, -2076008885L, 1210787077L, -492348514L, 250955580L, 
536532982L, -125580498L, -632240603L, 1909362409L, -846236693L, 
-370180215L, 1561832194L, -1016850444L, 10693268L, 1981675871L, 
-1256166285L, 518999436L, -1383993278L, 583586483L, 575841535L, 
874579292L, -2012045011L, -1064423284L, 1893907081L, -1445447945L, 
-1615940270L, -1519192038L, 1981159632L, 1075343306L, 718833627L, 
1769437629L, -607561001L, 1096257483L, 873132707L, 1018414890L, 
-1696636628L, -1829842642L, 1232990804L, 1208031848L, -1470945247L, 
-38299350L, 190578876L, -1149942188L, 895180451L, 986328378L, 
2054364706L, 990862178L, 528656609L, 1462101658L, -924819880L, 
2143275554L, 363323534L, -952524259L, -1888438115L, 925408521L, 
-1512127803L, -1395561448L, 688297324L, -1852434378L, -334919014L, 
-2044717132L, -1891626811L, 906852165L, -1690300295L, -90203026L, 
55929240L, -391693262L, -1594398131L, 224268571L, -1271885581L, 
-1374196780L, -876913863L, 1287019972L, -665705226L, 1368127376L, 
-1265436047L, -1105345896L, -1130524975L, 1402252450L, 1283690101L, 
-744015805L, -138695793L, -1233632840L, 1846284594L, -537680736L, 
-1343520075L, 1678115624L, -2046198975L, 1356488506L, -1225444289L, 
-1182723124L, 2098069121L, -810292449L, -1813428148L, 637599866L, 
-347323716L, 916543413L, 597592782L, -1927099007L, -1821263622L, 
-616121833L, -1238649416L, 1384485504L, -659406756L, -653815698L, 
-117999839L, -2123650170L, 1801656335L, 2044045852L, 1568000230L, 
-527019814L, -1789244683L, 1103246176L, -1147568608L, -480906255L, 
-610574402L, -237284336L, 2087324117L, 1100899727L, -495066923L, 
-1384736820L, 98831263L, -197619125L, 1192685209L, -1305624395L, 
-815155542L, -1116881184L, 1079770742L, -403309873L, 2039514896L, 
-946545306L, 1608540133L, -1766576739L, 484099785L, -13196021L, 
333750785L, 1557374899L, 1045712095L, 479416762L, 1924779681L, 
1688332056L, -5877363L, 202857994L, -114794763L, 776033833L, 
-924587244L, 109422384L, -1158140423L, -813589861L, -428124455L, 
1248002742L, -1961178483L, 117955820L, 1221257610L, 1464255676L, 
1392849456L, -793396008L, 492954282L, 458122982L, -1385385531L, 
1112759906L, -685519295L, -270245244L, -342812360L, 828611861L, 
1506943544L, 1368476861L, 1740580064L, -1352916092L, -79698049L, 
721016484L, -1230929927L, -1597446113L, -1186551195L, -154660506L, 
-1071425991L, -2012719733L, 305737427L, 735435225L, 1688463539L, 
-130493155L, -1192477378L, -1795085872L, 408947942L, 1764429831L, 
308115961L, -433543059L, 1030559832L, -1295964499L, 962402711L, 
367898522L, 1211537408L, -1888083999L, 811646409L, 1946552612L, 
964520715L, -288278237L, 650625242L, 1896055904L, 1537336025L, 
-2129730644L, -1019137999L, 29979382L, 559456533L, -404253951L, 
-262466772L, 1303347574L, -1931967808L, -272597307L, -2033385077L, 
456241867L, -973904473L, -2006937887L, 1398353464L, -230016980L, 
-262449713L, -284944266L, -2105466142L, -1185687413L, -1804269991L, 
297083958L, 1859090857L, -1911624149L, -1150050087L, -993415756L, 
1213615210L, -90898967L, -100332927L, -229082899L, 1099564550L, 
-1745646555L, 527719174L, 1915167356L, 573263662L, 31820062L, 
-1510041562L, 227114057L, -2109704675L, -1938833418L, -1586398914L, 
1561230185L, 1405241217L, -210914226L, 2074573118L, 1488855796L, 
-1974349450L, -276424899L, -1051976799L, 958399487L, 594975837L, 
-752991968L, 1082918672L, 1172262159L, -1354435617L, 1406346788L, 
14148509L, 6270006L, 401525095L, 906898961L, 143093713L, 1031449483L, 
876057545L, 333611480L, -1129668873L, -857249052L, -1909527096L, 
-103794560L, 772179924L, -1281737202L, 917038821L, 1221377516L, 
381817017L, 1350587042L, 994426323L, -210151787L, 1903229910L, 
-761908186L, 2037158347L, 1671089594L, 421581808L, 1098952265L, 
-1249330967L, -483310478L, -1986519936L, -672328719L, 746055891L, 
223604716L, 592461120L, -2069740676L, 1842500647L, 6571960L, 
1720100117L, -2097195131L, -2143281977L, 2103367162L, -1628591455L, 
-172765025L, 479856352L, -394499965L, 2109648546L, -851235705L, 
-1341645488L, -828931151L, 525178439L, -1006014600L, 1004255121L, 
1190824509L, 2047762561L, -676997226L, -283322388L, -46223980L, 
1746930044L, 1347704190L, 610077510L, 2082304200L, -1346939927L, 
1661915470L, -1729170050L, -301302296L, 1990324488L, -473749110L, 
-1287529580L, 1448071743L, 946842649L, 677000393L, 808514511L, 
1007146226L, 1918786885L, -88582375L, -2105672895L, 1193475850L, 
-1447639092L, -912583658L, -525383841L, 1123483226L, 404658302L, 
-1730242947L, -2041814931L, 186911232L, 1856487828L, 1749068345L, 
549688953L, -423704443L, 1432485982L, -163797311L, -147355595L, 
-2135198244L, 381815514L, -868641875L, 577981398L, 224639871L, 
-973042414L, 925968260L, -1606898754L, -1808165699L, 1350235785L, 
-1077175611L, 645213691L, -1304936984L, -1756632638L, -2068196776L, 
-1639785511L, -430035507L, 703622740L, 878321819L, 1602130841L, 
-146021141L, 661156884L, 148136555L, 1678975869L, 247115271L, 
1029956878L, 403124070L, 928465287L, 1128806210L, 2079701296L, 
-940714614L, 1717570748L, 360973224L, -1876365670L, -1952650193L, 
482232526L, 1566819366L, -1775821279L, 1490247393L, 1637645561L, 
-896050630L, -1279889777L, -1710627644L, -1519683771L, -1906965712L, 
-1192559527L, 205622350L, 1074057362L, -740477201L, 1980257329L, 
1910365743L, -463222L, -1207192201L, -1959775031L, -1232085542L, 
354178909L, -719054163L, -1885792986L, 1584006419L, -2045709155L, 
-1282400418L, 1357422924L, -327188499L, 466686199L, -41105947L, 
-1182065763L, -1528333175L, 2026961158L, 1269691982L, -758536816L, 
-1166200747L, 1317852236L, -570731097L, -1225524757L, -25317369L, 
-447012631L, -1840243779L, -10525790L, 591710574L, -1783030274L, 
-691845826L, -688711665L, 760072763L, -1975036687L, 1984021483L, 
-1086505220L, 997019278L, -2133333733L, -1021927904L, -1208081598L, 
1216104089L, 1565699412L, -1259832791L, -921165153L, 1533746331L, 
-2120421624L, -1191764348L, 1515234572L, -2033039998L, -1557552360L, 
135603572L, -1474806213L, -1148460160L, 830047304L, 163868142L, 
-1342699371L, -804771152L, -2054537609L, -1409828218L, -1678657971L, 
-462074375L, -539577141L, -1067884644L, 1245763487L, -1802207161L, 
990171121L, 1843276940L, 1783336957L, 2019364551L, 252015127L, 
-304156238L, -348142294L, 102089834L, -368709715L, 1000588952L, 
1594987300L, 42689086L, -1084631204L, 30595120L, -18678277L, 
-132178286L, -785790554L, -974929294L, 1081077162L, -642380281L, 
-2018929720L, -1377275335L, 27225937L, -1683819909L, 181775142L, 
-1206689416L, 345454508L, -856214242L, 1687772488L, 378824162L, 
805086319L, -1782806884L, -1975380370L, 1653825481L, 761300210L, 
-396730956L, -947942053L, 1370676386L, 178769636L, 19746592L, 
-1977764067L, -1232946352L, -1428564115L, -1084622483L, -1163183492L, 
761754780L, 591478872L, -344524484L, 1493382535L, -1366249523L, 
-441346054L, 1901118579L, 1038706868L, 190540391L, -1321028192L, 
533163577L, 79717490L, 136684908L, 1076641931L, -528133373L, 
614822619L, 2047896238L, -2128302515L, 242633513L, 1728206547L, 
792642175L, -200758768L, -1091259707L, -1427803723L, -264482473L, 
822945138L, 1554815717L, 885354507L, 1094802962L, -1417790215L, 
1010769043L, 1608432851L, -51615297L, -1261754969L, 16069436L, 
-1967147512L, 615516218L, -735410416L, 1898323384L, 1687680077L, 
-1993686412L, 225687999L, -1867462352L, -1423882630L, -395103955L, 
